#Layer_Color=9474304
#
#Feature symbol names
#
$0 r6.6666
$1 r5

#
#Feature attribute names
#

#
#Layer features
#
A 1.522 4.818 1.522 4.818 1.502 4.818 0 P 0 N
A 1.582 3.788 1.582 3.788 1.562 3.788 0 P 0 N
A 1.644 4.612 1.644 4.612 1.624 4.612 0 P 0 N
A 1.6798529 4.5409528 1.6798529 4.5409528 1.6598529 4.5409528 0 P 0 N
A 1.722 4.068 1.722 4.068 1.702 4.068 0 P 0 N
A 1.742 5.104 1.742 5.104 1.722 5.104 0 P 0 N
A 1.864165 5.0959908 1.864165 5.0959908 1.844165 5.0959908 0 P 0 N
A 2.078 4.856 2.078 4.856 2.058 4.856 0 P 0 N
A 2.234 4.038 2.234 4.038 2.214 4.038 0 P 0 N
A 2.296 4.044 2.296 4.044 2.276 4.044 0 P 0 N
A 2.324 4.914 2.324 4.914 2.304 4.914 0 P 0 N
A 2.384 4.666 2.384 4.666 2.364 4.666 0 P 0 N
A 2.388 4.718 2.388 4.718 2.368 4.718 0 P 0 N
A 2.422 4.502 2.422 4.502 2.402 4.502 0 P 0 N
L 1.58 5.02 1.58 5.06 1 P 0
L 1.58 5.02 1.62 5.02 1 P 0
L 1.58 5.06 1.62 5.06 1 P 0
L 1.6 4.974 1.6 5.014 1 P 0
L 1.6 4.974 1.64 4.974 1 P 0
L 1.6 5.014 1.64 5.014 1 P 0
L 1.62 5.02 1.62 5.06 1 P 0
L 1.624 5.004 1.624 5.044 1 P 0
L 1.624 5.004 1.664 5.004 1 P 0
L 1.624 5.044 1.664 5.044 1 P 0
L 1.6249638 4.7205474 1.6249638 4.7605474 1 P 0
L 1.6249638 4.7205474 1.6649638 4.7205474 1 P 0
L 1.6249638 4.7605474 1.6649638 4.7605474 1 P 0
L 1.638 4.88 1.638 4.92 1 P 0
L 1.638 4.88 1.678 4.88 1 P 0
L 1.638 4.92 1.678 4.92 1 P 0
L 1.64 4.974 1.64 5.014 1 P 0
L 1.664 5.004 1.664 5.044 1 P 0
L 1.6649638 4.7205474 1.6649638 4.7605474 1 P 0
L 1.678 4.88 1.678 4.92 1 P 0
L 1.742 4.908 1.742 4.948 1 P 0
L 1.742 4.908 1.782 4.908 1 P 0
L 1.742 4.948 1.782 4.948 1 P 0
L 1.752 4.974 1.752 5.014 1 P 0
L 1.752 4.974 1.792 4.974 1 P 0
L 1.752 5.014 1.792 5.014 1 P 0
L 1.7679606 4.908 1.7679606 4.948 1 P 0
L 1.7679606 4.908 1.8079606 4.908 1 P 0
L 1.7679606 4.948 1.8079606 4.948 1 P 0
L 1.782 4.908 1.782 4.948 1 P 0
L 1.792 4.974 1.792 5.014 1 P 0
L 1.8079606 4.908 1.8079606 4.948 1 P 0
L 1.812 5.0330197 1.812 5.0730197 1 P 0
L 1.812 5.0330197 1.852 5.0330197 1 P 0
L 1.812 5.0730197 1.852 5.0730197 1 P 0
L 1.83 4.922 1.83 4.962 1 P 0
L 1.83 4.922 1.87 4.922 1 P 0
L 1.83 4.962 1.87 4.962 1 P 0
L 1.852 5.0330197 1.852 5.0730197 1 P 0
L 1.87 4.922 1.87 4.962 1 P 0
