#Layer_Color=9474304
#
#Feature symbol names
#
$0 r6.6666
$1 r5

#
#Feature attribute names
#

#
#Layer features
#
A 1.526 4.87 1.526 4.87 1.506 4.87 0 P 0 N
A 1.5388425 4.1601336 1.5388425 4.1601336 1.5188425 4.1601336 0 P 0 N
A 1.5847489 5.0992511 1.5847489 5.0992511 1.5647489 5.0992511 0 P 0 N
A 1.9484812 3.7830592 1.9484812 3.7830592 1.9284812 3.7830592 0 P 0 N
A 1.956 3.932 1.956 3.932 1.936 3.932 0 P 0 N
A 2.004 4.728 2.004 4.728 1.984 4.728 0 P 0 N
A 2.126 5.208 2.126 5.208 2.106 5.208 0 P 0 N
A 2.16 5.356 2.16 5.356 2.14 5.356 0 P 0 N
A 2.188 3.778 2.188 3.778 2.168 3.778 0 P 0 N
A 2.256 4.558 2.256 4.558 2.236 4.558 0 P 0 N
A 2.332 3.838 2.332 3.838 2.312 3.838 0 P 0 N
A 2.502 4.962 2.502 4.962 2.482 4.962 0 P 0 N
A 2.6 4.962 2.6 4.962 2.58 4.962 0 P 0 N
A 2.64 3.878 2.64 3.878 2.62 3.878 0 P 0 N
L 1.246 3.658 1.256 3.678 1 P 0
L 1.246 3.658 1.266 3.668 1 P 0
L 1.246 3.698 1.256 3.678 1 P 0
L 1.246 3.698 1.266 3.688 1 P 0
L 1.262 3.872 1.282 3.832 1 P 0
L 1.262 3.872 1.302 3.872 1 P 0
L 1.266 3.668 1.286 3.658 1 P 0
L 1.266 3.688 1.286 3.698 1 P 0
L 1.266 4.134 1.286 4.094 1 P 0
L 1.266 4.134 1.306 4.134 1 P 0
L 1.266 4.41 1.286 4.37 1 P 0
L 1.266 4.41 1.306 4.41 1 P 0
L 1.269 4.719 1.289 4.679 1 P 0
L 1.269 4.719 1.309 4.719 1 P 0
L 1.276 3.678 1.286 3.658 1 P 0
L 1.276 3.678 1.286 3.698 1 P 0
L 1.282 3.832 1.302 3.872 1 P 0
L 1.286 4.094 1.306 4.134 1 P 0
L 1.286 4.37 1.306 4.41 1 P 0
L 1.289 4.679 1.309 4.719 1 P 0
L 1.366 3.712 1.386 3.672 1 P 0
L 1.366 3.712 1.406 3.712 1 P 0
L 1.386 3.672 1.406 3.712 1 P 0
L 1.408 4.54 1.428 4.5 1 P 0
L 1.408 4.54 1.448 4.54 1 P 0
L 1.428 4.5 1.448 4.54 1 P 0
L 1.462 3.948 1.482 3.908 1 P 0
L 1.462 3.948 1.502 3.948 1 P 0
L 1.482 3.908 1.502 3.948 1 P 0
L 1.522 4.39 1.542 4.35 1 P 0
L 1.522 4.39 1.562 4.39 1 P 0
L 1.542 4.35 1.562 4.39 1 P 0
L 1.574 4.872 1.574 4.912 1 P 0
L 1.574 4.872 1.614 4.872 1 P 0
L 1.574 4.912 1.614 4.912 1 P 0
L 1.576 4.468 1.596 4.428 1 P 0
L 1.576 4.468 1.616 4.468 1 P 0
L 1.5941693 4.6280197 1.5941693 4.6680197 1 P 0
L 1.5941693 4.6280197 1.6341693 4.6280197 1 P 0
L 1.5941693 4.6680197 1.6341693 4.6680197 1 P 0
L 1.596 4.428 1.616 4.468 1 P 0
L 1.6 4.948 1.6 4.988 1 P 0
L 1.6 4.948 1.64 4.948 1 P 0
L 1.6 4.988 1.64 4.988 1 P 0
L 1.614 4.872 1.614 4.912 1 P 0
L 1.63 4.264 1.65 4.224 1 P 0
L 1.63 4.264 1.67 4.264 1 P 0
L 1.632 5.41 1.652 5.37 1 P 0
L 1.632 5.41 1.672 5.41 1 P 0
L 1.6341693 4.6280197 1.6341693 4.6680197 1 P 0
L 1.64 4.376 1.66 4.336 1 P 0
L 1.64 4.376 1.68 4.376 1 P 0
L 1.64 4.948 1.64 4.988 1 P 0
L 1.65 4.224 1.67 4.264 1 P 0
L 1.65 4.948 1.65 4.988 1 P 0
L 1.65 4.948 1.69 4.948 1 P 0
L 1.65 4.974 1.65 5.014 1 P 0
L 1.65 4.974 1.69 4.974 1 P 0
L 1.65 4.988 1.69 4.988 1 P 0
L 1.65 5.014 1.69 5.014 1 P 0
L 1.652 5.37 1.672 5.41 1 P 0
L 1.66 4.336 1.68 4.376 1 P 0
L 1.676 4.974 1.676 5.014 1 P 0
L 1.676 4.974 1.716 4.974 1 P 0
L 1.676 5.014 1.716 5.014 1 P 0
L 1.69 4.948 1.69 4.988 1 P 0
L 1.69 4.974 1.69 5.014 1 P 0
L 1.716 4.974 1.716 5.014 1 P 0
L 1.7535669 4.7156285 1.7535669 4.7556285 1 P 0
L 1.7535669 4.7156285 1.7935669 4.7156285 1 P 0
L 1.7535669 4.7556285 1.7935669 4.7556285 1 P 0
L 1.78 4.692 1.78 4.732 1 P 0
L 1.78 4.692 1.82 4.692 1 P 0
L 1.78 4.718 1.78 4.758 1 P 0
L 1.78 4.718 1.82 4.718 1 P 0
L 1.78 4.732 1.82 4.732 1 P 0
L 1.78 4.758 1.82 4.758 1 P 0
L 1.781537 4.257 1.801537 4.217 1 P 0
L 1.781537 4.257 1.821537 4.257 1 P 0
L 1.7935669 4.7156285 1.7935669 4.7556285 1 P 0
L 1.801537 4.217 1.821537 4.257 1 P 0
L 1.82 4.692 1.82 4.732 1 P 0
L 1.82 4.718 1.82 4.758 1 P 0
L 1.824 4.126 1.844 4.086 1 P 0
L 1.824 4.126 1.864 4.126 1 P 0
L 1.8291656 4.8456112 1.8291656 4.8856112 1 P 0
L 1.8291656 4.8456112 1.8691656 4.8456112 1 P 0
L 1.8291656 4.8856112 1.8691656 4.8856112 1 P 0
L 1.8294756 4.6919674 1.8294756 4.7319674 1 P 0
L 1.8294756 4.6919674 1.8694756 4.6919674 1 P 0
L 1.8294756 4.7319674 1.8694756 4.7319674 1 P 0
L 1.844 4.086 1.864 4.126 1 P 0
L 1.856 4.82 1.856 4.86 1 P 0
L 1.856 4.82 1.896 4.82 1 P 0
L 1.856 4.86 1.896 4.86 1 P 0
L 1.8691656 4.8456112 1.8691656 4.8856112 1 P 0
L 1.8694756 4.6919674 1.8694756 4.7319674 1 P 0
L 1.884 4.974 1.884 5.014 1 P 0
L 1.884 4.974 1.924 4.974 1 P 0
L 1.884 5.014 1.924 5.014 1 P 0
L 1.896 4.82 1.896 4.86 1 P 0
L 1.9195542 5.2957688 1.9395542 5.2557688 1 P 0
L 1.9195542 5.2957688 1.9595542 5.2957688 1 P 0
L 1.924 4.974 1.924 5.014 1 P 0
L 1.9395542 5.2557688 1.9595542 5.2957688 1 P 0
L 1.978 4.686 1.998 4.646 1 P 0
L 1.978 4.686 2.018 4.686 1 P 0
L 1.998 4.646 2.018 4.686 1 P 0
L 2.095 4.739 2.115 4.699 1 P 0
L 2.095 4.739 2.135 4.739 1 P 0
L 2.115 4.699 2.135 4.739 1 P 0
L 2.146 5.298 2.166 5.258 1 P 0
L 2.146 5.298 2.186 5.298 1 P 0
L 2.166 5.258 2.186 5.298 1 P 0
L 2.168 4.392 2.188 4.352 1 P 0
L 2.168 4.392 2.208 4.392 1 P 0
L 2.181 4.781 2.201 4.741 1 P 0
L 2.181 4.781 2.221 4.781 1 P 0
L 2.186 4.208 2.206 4.168 1 P 0
L 2.186 4.208 2.226 4.208 1 P 0
L 2.188 4.352 2.208 4.392 1 P 0
L 2.201 4.741 2.221 4.781 1 P 0
L 2.206 4.168 2.226 4.208 1 P 0
L 2.2796451 4.4715095 2.2996451 4.4315095 1 P 0
L 2.2796451 4.4715095 2.3196451 4.4715095 1 P 0
L 2.2996451 4.4315095 2.3196451 4.4715095 1 P 0
L 2.322 4.988 2.342 4.948 1 P 0
L 2.322 4.988 2.362 4.988 1 P 0
L 2.342 4.948 2.362 4.988 1 P 0
L 2.372 3.884 2.392 3.844 1 P 0
L 2.372 3.884 2.412 3.884 1 P 0
L 2.372 5.372 2.392 5.332 1 P 0
L 2.372 5.372 2.412 5.372 1 P 0
L 2.392 3.844 2.412 3.884 1 P 0
L 2.392 5.332 2.412 5.372 1 P 0
L 2.5616451 4.0404905 2.5816451 4.0004905 1 P 0
L 2.5616451 4.0404905 2.6016451 4.0404905 1 P 0
L 2.5816451 4.0004905 2.6016451 4.0404905 1 P 0
L 2.582 5.332 2.592 5.352 1 P 0
L 2.582 5.332 2.602 5.342 1 P 0
L 2.582 5.372 2.592 5.352 1 P 0
L 2.582 5.372 2.602 5.362 1 P 0
L 2.584 3.658 2.594 3.678 1 P 0
L 2.584 3.658 2.604 3.668 1 P 0
L 2.584 3.698 2.594 3.678 1 P 0
L 2.584 3.698 2.604 3.688 1 P 0
L 2.602 5.342 2.622 5.332 1 P 0
L 2.602 5.362 2.622 5.372 1 P 0
L 2.604 3.668 2.624 3.658 1 P 0
L 2.604 3.688 2.624 3.698 1 P 0
L 2.612 5.352 2.622 5.332 1 P 0
L 2.612 5.352 2.622 5.372 1 P 0
L 2.614 3.678 2.624 3.658 1 P 0
L 2.614 3.678 2.624 3.698 1 P 0
