#Layer_Color=9474304
#
#Feature symbol names
#
$0 r5

#
#Feature attribute names
#

#
#Layer features
#
L 1.494126 4.818 1.509874 4.818 0 P 0
L 1.502 4.810126 1.502 4.825874 0 P 0
L 1.554126 3.788 1.569874 3.788 0 P 0
L 1.562 3.780126 1.562 3.795874 0 P 0
L 1.5950788 5.04 1.6049212 5.04 0 P 0
L 1.6 5.0350788 1.6 5.0449212 0 P 0
L 1.6150788 4.994 1.6249212 4.994 0 P 0
L 1.616126 4.612 1.631874 4.612 0 P 0
L 1.62 4.9890788 1.62 4.9989212 0 P 0
L 1.624 4.604126 1.624 4.619874 0 P 0
L 1.6390788 5.024 1.6489212 5.024 0 P 0
L 1.6400426 4.7405474 1.649885 4.7405474 0 P 0
L 1.644 5.0190788 1.644 5.0289212 0 P 0
L 1.6449638 4.7356262 1.6449638 4.7454686 0 P 0
L 1.6519789 4.5409528 1.6677269 4.5409528 0 P 0
L 1.6530788 4.9 1.6629212 4.9 0 P 0
L 1.658 4.8950788 1.658 4.9049212 0 P 0
L 1.6598529 4.5330788 1.6598529 4.5488268 0 P 0
L 1.694126 4.068 1.709874 4.068 0 P 0
L 1.702 4.060126 1.702 4.075874 0 P 0
L 1.714126 5.104 1.729874 5.104 0 P 0
L 1.722 5.096126 1.722 5.111874 0 P 0
L 1.7570788 4.928 1.7669212 4.928 0 P 0
L 1.762 4.9230788 1.762 4.9329212 0 P 0
L 1.7670788 4.994 1.7769212 4.994 0 P 0
L 1.772 4.9890788 1.772 4.9989212 0 P 0
L 1.7830394 4.928 1.7928818 4.928 0 P 0
L 1.7879606 4.9230788 1.7879606 4.9329212 0 P 0
L 1.8270788 5.0530197 1.8369212 5.0530197 0 P 0
L 1.832 5.0480985 1.832 5.0579409 0 P 0
L 1.836291 5.0959908 1.852039 5.0959908 0 P 0
L 1.844165 5.0881168 1.844165 5.1038648 0 P 0
L 1.8450788 4.942 1.8549212 4.942 0 P 0
L 1.85 4.9370788 1.85 4.9469212 0 P 0
L 2.050126 4.856 2.065874 4.856 0 P 0
L 2.058 4.848126 2.058 4.863874 0 P 0
L 2.206126 4.038 2.221874 4.038 0 P 0
L 2.214 4.030126 2.214 4.045874 0 P 0
L 2.268126 4.044 2.283874 4.044 0 P 0
L 2.276 4.036126 2.276 4.051874 0 P 0
L 2.296126 4.914 2.311874 4.914 0 P 0
L 2.304 4.906126 2.304 4.921874 0 P 0
L 2.356126 4.666 2.371874 4.666 0 P 0
L 2.360126 4.718 2.375874 4.718 0 P 0
L 2.364 4.658126 2.364 4.673874 0 P 0
L 2.368 4.710126 2.368 4.725874 0 P 0
L 2.394126 4.502 2.409874 4.502 0 P 0
L 2.402 4.494126 2.402 4.509874 0 P 0
