#Layer_Color=9474304
#
#Feature symbol names
#
$0 r5

#
#Feature attribute names
#

#
#Layer features
#
L 1.548 4.974 1.548 5.014 0 P 0
L 1.548 4.974 1.588 4.974 0 P 0
L 1.548 5.014 1.588 5.014 0 P 0
L 1.571248 4.8978663 1.571248 4.9378663 0 P 0
L 1.571248 4.8978663 1.611248 4.8978663 0 P 0
L 1.571248 4.9378663 1.611248 4.9378663 0 P 0
L 1.574 4.846 1.574 4.886 0 P 0
L 1.574 4.846 1.614 4.846 0 P 0
L 1.574 4.886 1.614 4.886 0 P 0
L 1.588 4.974 1.588 5.014 0 P 0
L 1.61 5.124 1.63 5.084 0 P 0
L 1.61 5.124 1.65 5.124 0 P 0
L 1.611248 4.8978663 1.611248 4.9378663 0 P 0
L 1.614 4.846 1.614 4.886 0 P 0
L 1.626 4.922 1.626 4.962 0 P 0
L 1.626 4.922 1.666 4.922 0 P 0
L 1.626 4.962 1.666 4.962 0 P 0
L 1.63 5.084 1.65 5.124 0 P 0
L 1.648 4.832 1.648 4.872 0 P 0
L 1.648 4.832 1.688 4.832 0 P 0
L 1.648 4.872 1.688 4.872 0 P 0
L 1.666 4.922 1.666 4.962 0 P 0
L 1.688 4.832 1.688 4.872 0 P 0
L 1.716 4.7858495 1.716 4.8258495 0 P 0
L 1.716 4.7858495 1.756 4.7858495 0 P 0
L 1.716 4.8258495 1.756 4.8258495 0 P 0
L 1.716 4.8818495 1.716 4.9218495 0 P 0
L 1.716 4.8818495 1.756 4.8818495 0 P 0
L 1.716 4.9218495 1.756 4.9218495 0 P 0
L 1.756 4.7858495 1.756 4.8258495 0 P 0
L 1.756 4.8818495 1.756 4.9218495 0 P 0
L 1.7861604 4.8336004 1.7861604 4.8736004 0 P 0
L 1.7861604 4.8336004 1.8261604 4.8336004 0 P 0
L 1.7861604 4.8736004 1.8261604 4.8736004 0 P 0
L 1.8261604 4.8336004 1.8261604 4.8736004 0 P 0
L 1.83 4.948 1.83 4.988 0 P 0
L 1.83 4.948 1.87 4.948 0 P 0
L 1.83 4.988 1.87 4.988 0 P 0
L 1.8553864 4.693576 1.8553864 4.733576 0 P 0
L 1.8553864 4.693576 1.8953864 4.693576 0 P 0
L 1.8553864 4.733576 1.8953864 4.733576 0 P 0
L 1.87 4.948 1.87 4.988 0 P 0
L 1.8953864 4.693576 1.8953864 4.733576 0 P 0
