#Layer_Color=9474304
#
#Feature symbol names
#
$0 r5

#
#Feature attribute names
#

#
#Layer features
#
L 1.2187559 3.678 1.3132441 3.678 0 P 0
L 1.266 3.6307559 1.266 3.7252441 0 P 0
L 1.274 3.852 1.29 3.852 0 P 0
L 1.278 4.114 1.294 4.114 0 P 0
L 1.278 4.39 1.294 4.39 0 P 0
L 1.281 4.699 1.297 4.699 0 P 0
L 1.282 3.844 1.282 3.86 0 P 0
L 1.286 4.106 1.286 4.122 0 P 0
L 1.286 4.382 1.286 4.398 0 P 0
L 1.289 4.691 1.289 4.707 0 P 0
L 1.378 3.692 1.394 3.692 0 P 0
L 1.386 3.684 1.386 3.7 0 P 0
L 1.42 4.52 1.436 4.52 0 P 0
L 1.428 4.512 1.428 4.528 0 P 0
L 1.474 3.928 1.49 3.928 0 P 0
L 1.482 3.92 1.482 3.936 0 P 0
L 1.498126 4.87 1.513874 4.87 0 P 0
L 1.506 4.862126 1.506 4.877874 0 P 0
L 1.5109685 4.1601336 1.5267165 4.1601336 0 P 0
L 1.5188425 4.1522596 1.5188425 4.1680076 0 P 0
L 1.534 4.37 1.55 4.37 0 P 0
L 1.542 4.362 1.542 4.378 0 P 0
L 1.5568749 5.0992511 1.5726229 5.0992511 0 P 0
L 1.5647489 5.0913771 1.5647489 5.1071251 0 P 0
L 1.588 4.448 1.604 4.448 0 P 0
L 1.5890788 4.892 1.5989212 4.892 0 P 0
L 1.594 4.8870788 1.594 4.8969212 0 P 0
L 1.596 4.44 1.596 4.456 0 P 0
L 1.6092481 4.6480197 1.6190905 4.6480197 0 P 0
L 1.6141693 4.6430985 1.6141693 4.6529409 0 P 0
L 1.6150788 4.968 1.6249212 4.968 0 P 0
L 1.62 4.9630788 1.62 4.9729212 0 P 0
L 1.642 4.244 1.658 4.244 0 P 0
L 1.644 5.39 1.66 5.39 0 P 0
L 1.65 4.236 1.65 4.252 0 P 0
L 1.652 4.356 1.668 4.356 0 P 0
L 1.652 5.382 1.652 5.398 0 P 0
L 1.66 4.348 1.66 4.364 0 P 0
L 1.6650788 4.968 1.6749212 4.968 0 P 0
L 1.6650788 4.994 1.6749212 4.994 0 P 0
L 1.67 4.9630788 1.67 4.9729212 0 P 0
L 1.67 4.9890788 1.67 4.9989212 0 P 0
L 1.6910788 4.994 1.7009212 4.994 0 P 0
L 1.696 4.9890788 1.696 4.9989212 0 P 0
L 1.7686457 4.7356285 1.7784881 4.7356285 0 P 0
L 1.7735669 4.7307073 1.7735669 4.7405497 0 P 0
L 1.793537 4.237 1.809537 4.237 0 P 0
L 1.7950788 4.712 1.8049212 4.712 0 P 0
L 1.7950788 4.738 1.8049212 4.738 0 P 0
L 1.8 4.7070788 1.8 4.7169212 0 P 0
L 1.8 4.7330788 1.8 4.7429212 0 P 0
L 1.801537 4.229 1.801537 4.245 0 P 0
L 1.836 4.106 1.852 4.106 0 P 0
L 1.844 4.098 1.844 4.114 0 P 0
L 1.8442444 4.8656112 1.8540868 4.8656112 0 P 0
L 1.8445544 4.7119674 1.8543968 4.7119674 0 P 0
L 1.8491656 4.86069 1.8491656 4.8705324 0 P 0
L 1.8494756 4.7070462 1.8494756 4.7168886 0 P 0
L 1.8710788 4.84 1.8809212 4.84 0 P 0
L 1.876 4.8350788 1.876 4.8449212 0 P 0
L 1.8990788 4.994 1.9089212 4.994 0 P 0
L 1.904 4.9890788 1.904 4.9989212 0 P 0
L 1.9206072 3.7830592 1.9363552 3.7830592 0 P 0
L 1.928126 3.932 1.943874 3.932 0 P 0
L 1.9284812 3.7751852 1.9284812 3.7909332 0 P 0
L 1.9315542 5.2757688 1.9475542 5.2757688 0 P 0
L 1.936 3.924126 1.936 3.939874 0 P 0
L 1.9395542 5.2677688 1.9395542 5.2837688 0 P 0
L 1.976126 4.728 1.991874 4.728 0 P 0
L 1.984 4.720126 1.984 4.735874 0 P 0
L 1.99 4.666 2.006 4.666 0 P 0
L 1.998 4.658 1.998 4.674 0 P 0
L 2.098126 5.208 2.113874 5.208 0 P 0
L 2.106 5.200126 2.106 5.215874 0 P 0
L 2.107 4.719 2.123 4.719 0 P 0
L 2.115 4.711 2.115 4.727 0 P 0
L 2.132126 5.356 2.147874 5.356 0 P 0
L 2.14 5.348126 2.14 5.363874 0 P 0
L 2.158 5.278 2.174 5.278 0 P 0
L 2.160126 3.778 2.175874 3.778 0 P 0
L 2.166 5.27 2.166 5.286 0 P 0
L 2.168 3.770126 2.168 3.785874 0 P 0
L 2.18 4.372 2.196 4.372 0 P 0
L 2.188 4.364 2.188 4.38 0 P 0
L 2.193 4.761 2.209 4.761 0 P 0
L 2.198 4.188 2.214 4.188 0 P 0
L 2.201 4.753 2.201 4.769 0 P 0
L 2.206 4.18 2.206 4.196 0 P 0
L 2.228126 4.558 2.243874 4.558 0 P 0
L 2.236 4.550126 2.236 4.565874 0 P 0
L 2.2916451 4.4515095 2.3076451 4.4515095 0 P 0
L 2.2996451 4.4435095 2.2996451 4.4595095 0 P 0
L 2.304126 3.838 2.319874 3.838 0 P 0
L 2.312 3.830126 2.312 3.845874 0 P 0
L 2.334 4.968 2.35 4.968 0 P 0
L 2.342 4.96 2.342 4.976 0 P 0
L 2.384 3.864 2.4 3.864 0 P 0
L 2.384 5.352 2.4 5.352 0 P 0
L 2.392 3.856 2.392 3.872 0 P 0
L 2.392 5.344 2.392 5.36 0 P 0
L 2.474126 4.962 2.489874 4.962 0 P 0
L 2.482 4.954126 2.482 4.969874 0 P 0
L 2.5547559 5.352 2.6492441 5.352 0 P 0
L 2.5567559 3.678 2.6512441 3.678 0 P 0
L 2.572126 4.962 2.587874 4.962 0 P 0
L 2.5736451 4.0204905 2.5896451 4.0204905 0 P 0
L 2.58 4.954126 2.58 4.969874 0 P 0
L 2.5816451 4.0124905 2.5816451 4.0284905 0 P 0
L 2.602 5.3047559 2.602 5.3992441 0 P 0
L 2.604 3.6307559 2.604 3.7252441 0 P 0
L 2.612126 3.878 2.627874 3.878 0 P 0
L 2.62 3.870126 2.62 3.885874 0 P 0
